WGWR_A01: 10,682,48,35
WGWR_A04: 607,256,51,35
WGWR_A05: 185,1224,54,35
WGWR_A06: 330,1215,54,35
WGWR_A07: 417,1215,54,35
WGWR_A08: 258,1216,54,35
WGWR_A10: 478,1212,48,35
WGWR_A11: 823,789,70,35
WGWR_A12: 359,310,48,35
WGWR_A13: 833,756,48,35
WGWR_A14: 621,695,48,35
WGWR_B03: 611,722,54,78
WGWR_B04: 348,727,54,78
WGWR_B06: 873,693,51,78
WGWR_B07: 653,243,48,78
WGWR_C01: 175,774,180,35
WGWR_C02: 656,764,180,35
WGWR_Disposal: 709,807,68,77
WGWR_C07: 365,152,48,120
WGWR_C08: 717,183,152,35
WGWR_C09: 865,10,106,190
WGWR_C10: 439,117,158,35
WGWR_D01: 396,761,228,35
WGWR_D02: 258,25,158,35
WGWR_E01: 601,118,264,35
WGWR_S01: 337,1240,48,35
WGWR_S06: 607,220,48,35
WGWR_S08: 834,266,48,35
GATE_WHIR_WGWR: 80,784,48,35
GATE_WDSR_WGWR: 158,125,48,35
WGWR_S03: 132,799,48,35
WGWR_S05: 213,137,48,35
WGWR_A01_👀: 137,770,48,35
WGWR_D02_👀: 214,111,204,36
