WDSR_A07: 437,421,54,38
WDSR_A08: 451,821,54,37
WDSR_A11: 603,459,54,35
WDSR_A14: 373,707,54,35
WDSR_A16: 388,422,48,35
WDSR_A17: 529,422,48,35
WDSR_A19: 290,858,54,35
WDSR_A24: 558,457,48,35
WDSR_A25: 522,706,54,37
WDSR_B01: 425,708,100,35
WDSR_B03: 339,412,54,78
WDSR_B04: 347,823,110,35
WDSR_B07: 499,822,110,38
WDSR_B08: 560,705,48,78
WDSR_C04: 840,844,48,120
WDSR_S04: 486,789,48,35
WDSR_A02: 284,455,54,35
WDSR_A06: 209,455,54,35
WDSR_A09: 268,821,54,38
WDSR_A15: 174,823,48,35
WDSR_A22: 159,455,48,35
WDSR_A23: 221,822,48,35
WDSR_B02: 57,456,100,35
WDSR_B10: 791,726,104,35
WDSR_C01: 645,695,54,121
WDSR_C03: 695,695,152,35
WDSR_C04_👀: 606,735,48,120
WDSR_D01: 482,343,152,35
WDSR_S02l: 681,727,48,35
GATE_WSUR_WDSR: 10,488,48,35
GATE_WDSR_WGWR: 895,732,48,35
