WSUR_A02: 444,211,54,35
WSUR_A06: 278,213,54,35
WSUR_A17: 555,686,54,37
WSUR_A20: 125,698,54,35
WSUR_A33: 181,711,48,37
WSUR_A34: 181,697,48,35
WSUR_A35: 75,677,54,35
WSUR_A36: 222,212,54,35
WSUR_A37: 336,693,54,35
WSUR_A38: 335,213,54,35
WSUR_A39: 336,215,54,37
WSUR_A40: 603,218,50,36
WSUR_A53: 391,213,50,38
WSUR_A63: 391,689,50,36
WSUR_B04: 230,695,106,35
WSUR_B07: 497,209,104,33
WSUR_B08: 116,209,104,35
WSUR_B09: 60,208,52,78
WSUR_B12: 442,687,110,35
WSUR_S04: 336,717,48,35
WSUR_S06: 125,10,48,35
GATE_WSUR_WHIR: 228,795,48,35
GATE_WSUR_WDSR: 68,133,48,35
WSUR_B13_👀: 367,783,48,78
WSUR_C01: 10,134,48,112
WSUR_S03: 67,169,48,35
